75
6837.548625 4790.968449
10959.815497 20738.972209
16802.140252 24339.004016
22010.570408 22497.140363
23056.000000 20867.271645
24497.000000 588.853297
24497.000000 10630.241180
26294.486105 23326.520094
32068.423994 19935.772643
37363.019150 21628.766188
40599.689681 24426.315757
48994.000000 19032.646295
52342.599819 15969.400685
56199.000000 17417.683665
57640.000000 11700.717163
13358.113181 35389.322853
17617.750801 33100.455766
22113.632219 33376.482784
23717.659586 35111.192798
25938.000000 31289.058403
27623.640267 27757.272892
30005.220160 31393.380571
31702.000000 31891.800116
34584.000000 29047.318423
36213.823330 33234.304362
37466.000000 33062.093020
40348.000000 34160.441840
41789.000000 31351.225621
42155.844990 31829.491891
52314.811884 33917.764121
13559.585446 37648.000000
17054.476547 39812.293343
19632.483856 41530.530970
23829.048864 38731.440842
28518.199789 38780.666520
31350.353346 37967.703424
33143.000000 39279.268110
33934.068430 37963.706746
36441.005382 38382.367242
38158.875917 37988.467089
39383.120167 38617.566966
42651.120076 38662.845985
46996.787524 38206.914410
48720.385840 39370.943306
50039.275042 37392.941859
15569.829982 47387.359930
22546.004107 43630.105873
23815.685772 44529.986629
24497.000000 46225.991880
26193.017180 47784.000000
29255.193798 43783.768233
30261.918898 47762.236103
31702.000000 44679.850000
32471.095287 44683.225835
33143.819255 46047.403884
34584.000000 44711.565725
36814.723670 43440.000000
40446.591763 41992.000000
43513.488605 43440.000000
49128.895515 42398.652405
3533.892284 53932.856205
6951.779660 53463.630286
15339.135792 52753.275947
18801.098550 51312.699748
21615.000000 52635.639893
25405.756364 51234.255970
30043.554045 50350.357116
31537.523428 48145.945233
31702.000000 50946.453353
32302.306346 52049.248495
33409.283858 47784.000000
34584.000000 51348.053843
36025.000000 48569.086183
37466.000000 49382.280845
38907.000000 49273.759083
0.172760 0.658990 0.483590 0.452750 0.666270 0.466810 0.840260 0.511800 0.319060 0.221850 0.229710 0.180330 0.060000 0.060000 0.230330 0.225560 0.352100 0.533160 0.332520 0.308380 0.824460 0.231070 0.213900 0.176100 0.132760 0.179810 0.091820 0.114080 0.060000 0.099290 0.144490 0.204060 0.142220 0.216820 0.186950 0.211280 0.249720 0.115040 0.203960 0.141580 0.081220 0.194860 0.072480 0.069480 0.099550 0.180700 0.246510 0.251010 0.303450 0.425090 0.127460 1.316200 0.165810 0.158660 0.232260 0.076470 0.110980 0.130600 0.105300 0.187030 0.115030 0.152290 0.198940 0.186540 0.207270 0.193860 0.158820 0.215780 0.154900 0.127910 0.067470 0.159620 0.080560 0.115520 0.084820
0.160940 0.610590 0.445910 0.419650 0.617280 0.433680 0.773960 0.476690 0.299260 0.198880 0.214630 0.167780 0.060000 0.060000 0.206600 0.202510 0.325080 0.494750 0.303420 0.273510 0.760720 0.197710 0.191070 0.144180 0.121730 0.157080 0.081000 0.092630 0.060000 0.078120 0.133230 0.181440 0.120810 0.193940 0.164670 0.178310 0.226200 0.104350 0.181340 0.121580 0.064400 0.172420 0.063300 0.061530 0.088570 0.161420 0.223070 0.219900 0.266680 0.385440 0.103010 1.222740 0.144520 0.130640 0.210840 0.062020 0.092270 0.109410 0.087230 0.174360 0.104340 0.131950 0.166210 0.164270 0.184580 0.171440 0.129630 0.193510 0.125520 0.112190 0.060040 0.130260 0.064010 0.094040 0.068920
0.314230 1.555320 1.113130 1.042620 1.573310 1.080300 2.027750 1.162070 0.685650 0.449810 0.508940 0.383150 0.062760 0.060000 0.521110 0.459580 0.788700 1.244300 0.730510 0.683950 1.907890 0.480510 0.436080 0.338840 0.208900 0.389270 0.150110 0.215950 0.060000 0.177410 0.239800 0.413430 0.240150 0.436560 0.357930 0.429140 0.523190 0.162260 0.402720 0.241230 0.135050 0.378750 0.101820 0.094900 0.172090 0.345460 0.517330 0.500320 0.667500 0.933920 0.216030 3.163270 0.254120 0.249710 0.330260 0.124090 0.210730 0.210390 0.196210 0.400790 0.162220 0.269320 0.396380 0.356850 0.411430 0.379220 0.294100 0.397260 0.283540 0.207600 0.103340 0.297090 0.133520 0.218860 0.143330
0.221510 0.983880 0.709560 0.665790 0.995040 0.689190 1.269370 0.747510 0.451940 0.298410 0.330930 0.252880 0.060000 0.060000 0.331200 0.304090 0.508280 0.790930 0.473540 0.435690 1.213990 0.313300 0.285710 0.229210 0.156170 0.252890 0.109830 0.145990 0.060000 0.124840 0.175340 0.271670 0.173330 0.289810 0.241040 0.282270 0.343560 0.130130 0.271580 0.172440 0.098990 0.255600 0.082160 0.077870 0.120930 0.237110 0.339970 0.333170 0.433110 0.603250 0.156520 1.985250 0.194170 0.188250 0.263380 0.092190 0.142120 0.156690 0.133440 0.263830 0.130110 0.189870 0.263540 0.243630 0.274210 0.256850 0.201390 0.276150 0.195780 0.152860 0.079300 0.203320 0.098040 0.148050 0.104130
1.211240 7.095230 5.025740 4.686690 7.202040 4.886630 9.364840 5.218360 2.958590 1.913040 2.237890 1.687160 0.107520 0.068310 2.341800 1.958410 3.507950 5.653020 3.240460 3.078990 8.666010 2.124670 1.884910 1.449130 0.714320 1.725620 0.556690 0.923770 0.086360 0.759120 0.859460 1.780200 0.931120 1.850050 1.484520 1.881000 2.272480 0.597220 1.703830 0.943900 0.523010 1.591410 0.314240 0.277640 0.686050 1.408650 2.266600 2.133960 3.000090 4.145990 0.853050 14.665480 0.884250 0.938140 1.044510 0.465020 0.885940 0.789270 0.816730 1.759610 0.497320 1.055810 1.729350 1.478240 1.731690 1.613230 1.235680 1.597260 1.187840 0.756500 0.355180 1.245880 0.514940 0.941400 0.566830
0.347550 1.760690 1.258170 1.178040 1.781140 1.220870 2.300300 1.311060 0.769640 0.504360 0.572930 0.429970 0.061050 0.060000 0.589480 0.515460 0.889480 1.407240 0.823350 0.773190 2.157270 0.541850 0.485460 0.377390 0.227860 0.438350 0.165130 0.241660 0.060000 0.197420 0.262960 0.458850 0.266110 0.489310 0.399950 0.482670 0.587750 0.174840 0.450840 0.264160 0.143370 0.423600 0.107260 0.098280 0.188330 0.381220 0.579050 0.551690 0.751880 1.053160 0.231860 3.584620 0.276930 0.265470 0.356210 0.129140 0.232380 0.231310 0.215400 0.450020 0.174810 0.296250 0.445720 0.398730 0.460730 0.420930 0.325730 0.435850 0.313970 0.223270 0.102200 0.328090 0.141380 0.245990 0.154110
0.328160 1.682950 1.197380 1.119940 1.702690 1.161350 2.193650 1.259170 0.736020 0.469010 0.544940 0.406800 0.060000 0.060000 0.550250 0.479730 0.841130 1.341410 0.777240 0.718070 2.067140 0.494550 0.447650 0.335650 0.212530 0.404210 0.150900 0.214180 0.060000 0.171420 0.246450 0.421450 0.238800 0.454460 0.368120 0.437370 0.549590 0.161300 0.417310 0.236940 0.119900 0.390980 0.094980 0.086310 0.173240 0.350600 0.540320 0.500970 0.697500 0.989630 0.196860 3.446950 0.250280 0.228510 0.328910 0.107130 0.205520 0.205170 0.189780 0.426180 0.161270 0.267920 0.401670 0.366940 0.426860 0.388070 0.286100 0.399910 0.274430 0.199760 0.086720 0.288190 0.118290 0.218340 0.131700
0.293590 1.389750 0.999760 0.938080 1.403060 0.971060 1.809410 1.038510 0.618410 0.419660 0.460120 0.350100 0.062740 0.060000 0.478250 0.428200 0.716030 1.114480 0.665140 0.631920 1.708590 0.453900 0.408530 0.327340 0.201480 0.361940 0.146300 0.210590 0.060000 0.176530 0.228500 0.389140 0.236310 0.408080 0.339310 0.408370 0.483840 0.160680 0.378480 0.234820 0.134940 0.357510 0.101760 0.094850 0.165720 0.324900 0.479010 0.473770 0.615530 0.854290 0.215350 2.815020 0.251560 0.249530 0.326400 0.123990 0.203450 0.209530 0.190390 0.365540 0.160660 0.259510 0.379920 0.338370 0.386090 0.357110 0.287570 0.379000 0.278550 0.203350 0.103260 0.289400 0.133410 0.213910 0.143210
0.217980 0.962090 0.694160 0.651440 0.972990 0.674280 1.240440 0.731690 2.598560 1.687550 1.963670 1.445470 0.099690 0.060000 2.072840 0.625640 0.497570 0.773640 0.552020 0.426230 1.897630 1.874770 1.662300 1.282070 0.638950 1.527760 0.406530 0.669300 0.073310 0.539700 0.308650 0.558930 0.317270 0.593300 0.867880 1.604860 1.997350 0.452240 1.497260 0.793260 0.381380 1.144330 0.237020 0.210720 0.498510 0.459630 0.705520 0.672820 0.922760 1.288270 0.621310 5.402950 0.656880 0.695240 0.781500 0.339710 0.642120 0.581120 0.592400 1.256760 0.199610 0.354540 0.544140 0.481280 0.557960 0.542090 0.513450 0.805300 0.494270 0.333290 0.260800 0.903180 0.375570 0.681970 0.412850
0.102320 0.232500 0.181050 0.170330 0.234680 0.174900 0.272600 0.202390 0.574550 0.377650 0.424320 0.321230 0.060000 0.060000 0.430670 0.165170 0.141420 0.194780 0.152680 0.119760 0.443690 0.399110 0.362640 0.280520 0.183830 0.321690 0.113330 0.149910 0.060000 0.123970 0.117740 0.149280 0.110300 0.158760 0.213650 0.345120 0.437800 0.145600 0.339070 0.195970 0.094510 0.268960 0.079710 0.075750 0.126890 0.138620 0.183180 0.185430 0.218770 0.307720 0.153030 1.121290 0.195420 0.181210 0.266720 0.088220 0.146350 0.156260 0.136960 0.280310 0.099550 0.116830 0.140810 0.140230 0.151630 0.151630 0.132960 0.219590 0.130410 0.113090 0.076320 0.206460 0.093620 0.152440 0.101980
0.146760 0.636390 0.461200 0.433260 0.643530 0.448200 0.821490 0.482670 1.698770 1.110760 1.285900 0.949010 0.069030 0.040000 1.362070 0.416400 0.332660 0.513180 0.368260 0.289090 1.248510 1.236270 1.097330 0.848700 0.422030 1.005890 0.269670 0.444570 0.051780 0.359830 0.206050 0.375860 0.214770 0.395260 0.574800 1.059770 1.316420 0.302470 0.988120 0.529070 0.256300 0.755560 0.158830 0.141640 0.332900 0.307850 0.470310 0.453780 0.613770 0.853140 0.416650 3.523610 0.437210 0.468450 0.522540 0.229060 0.426800 0.387290 0.394280 0.828690 0.134760 0.239140 0.366190 0.322000 0.372150 0.363180 0.346120 0.537340 0.333570 0.225240 0.177460 0.600960 0.252500 0.452850 0.276890
0.088610 0.278000 0.208080 0.196930 0.280840 0.202890 0.345850 0.222660 0.707980 0.467310 0.531190 0.396750 0.045570 0.040000 0.555570 0.190200 0.156780 0.228820 0.170990 0.133380 0.534290 0.511370 0.455940 0.356710 0.198460 0.413430 0.125640 0.189430 0.040000 0.155610 0.112270 0.169440 0.109730 0.181770 0.253420 0.440950 0.545740 0.148600 0.416980 0.229780 0.114300 0.325560 0.081410 0.074550 0.144860 0.146890 0.210450 0.205360 0.262960 0.370510 0.184290 1.430210 0.210530 0.210970 0.265260 0.103420 0.182330 0.178580 0.169360 0.343390 0.083820 0.119470 0.164150 0.152530 0.172540 0.167960 0.156140 0.244480 0.151140 0.113920 0.082830 0.257850 0.112780 0.192730 0.122510
0.063070 0.120600 0.096920 0.093150 0.121570 0.095170 0.136970 0.108480 0.272850 0.184720 0.199750 0.154210 0.040000 0.040000 0.201390 0.090860 0.079550 0.103940 0.084360 0.067530 0.220640 0.193030 0.177140 0.140650 0.100280 0.153250 0.062390 0.077380 0.040000 0.065920 0.071090 0.083830 0.063610 0.088000 0.112280 0.169170 0.211280 0.083390 0.167680 0.104280 0.051930 0.136710 0.047410 0.045090 0.068380 0.080210 0.097720 0.106010 0.111210 0.158550 0.082250 0.512340 0.110980 0.103180 0.155970 0.048240 0.074970 0.086930 0.070590 0.136140 0.061450 0.069560 0.076020 0.078110 0.084880 0.083330 0.074640 0.121660 0.072660 0.068600 0.043130 0.107160 0.051420 0.078500 0.054710
0.060000 0.060000 0.060000 0.060000 0.060000 0.060000 0.060000 0.060000 0.080820 0.061330 0.051090 0.044150 0.040000 0.040000 0.045480 0.060000 0.060000 0.060000 0.060000 0.060000 0.080000 0.060000 0.060000 0.060000 0.060000 0.042240 0.040000 0.040000 0.040000 0.040000 0.060000 0.060000 0.060000 0.060000 0.060000 0.060000 0.063680 0.060000 0.060670 0.060000 0.040000 0.060000 0.040000 0.040000 0.040000 0.060000 0.060000 0.080000 0.060000 0.080000 0.060000 0.124700 0.080000 0.080000 0.120000 0.040000 0.040000 0.060000 0.040000 0.042090 0.060000 0.060000 0.060000 0.060000 0.060000 0.060000 0.060000 0.080000 0.060000 0.060000 0.040000 0.060000 0.040000 0.040000 0.040000
0.158130 0.748170 0.534260 0.500150 0.756860 0.518380 0.966380 0.568270 2.053090 1.327350 1.553400 1.142070 0.067650 0.040000 1.638600 0.479560 0.377320 0.597720 0.420790 0.316330 1.491120 1.472790 1.303150 0.999610 0.494220 1.203740 0.312620 0.518370 0.048840 0.414910 0.230520 0.424630 0.233370 0.453740 0.672960 1.257320 1.573860 0.344980 1.175010 0.610990 0.288500 0.893660 0.177290 0.156300 0.382020 0.347020 0.542900 0.506490 0.712730 1.000590 0.472070 4.273340 0.500560 0.523120 0.591560 0.255240 0.496680 0.444030 0.456980 0.989060 0.143480 0.263130 0.410450 0.364310 0.425530 0.412340 0.385960 0.615010 0.370650 0.246160 0.192230 0.697110 0.283880 0.528490 0.313650
0.130220 0.421240 0.312180 0.294790 0.425680 0.304090 0.522680 0.339330 0.442850 0.292120 0.324000 0.247820 0.060000 0.060000 0.323480 1.027890 0.232180 0.344540 0.458030 0.191270 0.603840 0.302780 0.279440 0.215110 0.154120 0.242930 0.192930 0.290900 0.060000 0.236840 0.475410 0.928560 0.504050 0.972960 0.530160 0.329040 0.336580 0.125870 0.263600 0.209710 0.170770 0.506590 0.122200 0.111230 0.223870 0.745870 1.173920 1.115030 1.546620 2.146570 0.276690 6.576040 0.320690 0.311130 0.404240 0.153380 0.279560 0.271590 0.258820 0.541360 0.290200 0.567370 0.903410 0.782660 0.912930 0.810390 0.538360 0.655130 0.518190 0.347880 0.120450 0.394320 0.168350 0.296190 0.183920
0.228410 1.026390 0.739570 0.693840 1.038060 0.718280 1.325800 0.778350 0.469320 0.309320 0.344180 0.262570 0.060000 0.060000 0.345030 0.315660 0.529130 0.824650 0.491400 0.454170 1.265620 0.322130 0.295730 0.228780 0.160090 0.258760 0.111410 0.146510 0.060000 0.121260 0.180140 0.280700 0.173330 0.300720 0.249730 0.288350 0.356920 0.129830 0.278790 0.173800 0.094660 0.263230 0.079800 0.075820 0.124610 0.242050 0.351450 0.340460 0.442310 0.626840 0.151680 2.071020 0.192400 0.181040 0.263400 0.088350 0.144030 0.153490 0.134840 0.274020 0.129820 0.191960 0.267270 0.249030 0.284420 0.261510 0.201640 0.280600 0.194680 0.153210 0.076420 0.202840 0.093780 0.148980 0.100690
0.245640 1.132600 0.814580 0.763860 1.145540 0.790980 1.466750 0.855390 0.512760 0.337530 0.377250 0.286780 0.060000 0.060000 0.380380 0.344570 0.581250 0.908920 0.539400 0.500310 1.394580 0.353910 0.323610 0.249860 0.169900 0.284740 0.119180 0.160270 0.060000 0.132260 0.192120 0.307080 0.186750 0.328010 0.271450 0.316460 0.390310 0.136340 0.303660 0.186650 0.101490 0.286420 0.083530 0.079050 0.133820 0.262240 0.384230 0.371630 0.486830 0.688520 0.163520 2.290000 0.204630 0.192420 0.276830 0.094400 0.156830 0.164740 0.146610 0.299480 0.136320 0.206790 0.293080 0.270680 0.309930 0.284520 0.219620 0.303730 0.211930 0.163670 0.080970 0.220960 0.100500 0.163010 0.108710
0.237500 1.124080 0.802680 0.751430 1.137160 0.778820 1.451980 0.853730 0.599470 0.380710 0.440920 0.330690 0.060000 0.060000 0.439420 0.692770 0.566870 0.898020 0.625950 0.475290 1.418950 0.398530 0.362730 0.277420 0.181720 0.327070 0.163900 0.239490 0.060000 0.195680 0.334770 0.617180 0.343050 0.655530 0.422090 0.378250 0.444650 0.143730 0.341820 0.219640 0.142150 0.426910 0.106600 0.097700 0.186840 0.507910 0.787980 0.742440 1.036920 1.445230 0.229880 4.693970 0.275010 0.263470 0.354100 0.128060 0.230890 0.229540 0.213490 0.463810 0.212130 0.386070 0.598530 0.529810 0.614840 0.552960 0.383990 0.495160 0.369950 0.257430 0.101400 0.325960 0.140200 0.243770 0.152800
0.553780 3.073510 2.179480 2.036890 3.109890 2.113110 4.039120 2.267990 1.304730 0.838360 0.978130 0.723790 0.061820 0.060000 1.013170 0.858110 1.523530 2.444690 1.405880 1.322180 3.755690 0.910630 0.805740 0.618050 0.340850 0.744280 0.252630 0.394370 0.060000 0.315660 0.403310 0.760920 0.414480 0.811580 0.652600 0.805340 0.986730 0.246520 0.743140 0.411050 0.219490 0.694680 0.149650 0.133690 0.293950 0.619280 0.971170 0.910340 1.284300 1.796940 0.359140 6.311580 0.410390 0.395580 0.504680 0.194180 0.377850 0.352580 0.347670 0.759480 0.246460 0.468110 0.739610 0.650430 0.760740 0.689790 0.526120 0.698110 0.505230 0.338270 0.146250 0.530350 0.215950 0.402050 0.238620
0.930010 5.279090 3.740080 3.494660 5.341690 3.625860 6.952920 3.880800 2.760590 1.783450 2.081860 1.534130 0.118340 0.080000 2.184490 1.547490 2.610970 4.196610 2.437130 2.277760 6.619510 1.967240 1.749200 1.343010 0.686620 1.608660 0.501780 0.820310 0.099800 0.660570 0.704960 1.400250 0.748680 1.464280 1.274300 1.728800 2.113250 0.493340 1.585230 0.874430 0.465420 1.411880 0.292840 0.260430 0.615930 1.119870 1.786930 1.676710 2.349530 3.259700 0.758830 11.725450 0.811040 0.844020 0.977760 0.414060 0.786810 0.714640 0.725530 1.563670 0.424000 0.844730 1.356120 1.174250 1.371550 1.284680 1.001820 1.342310 0.963280 0.629460 0.318740 1.106250 0.458280 0.835920 0.504240
0.206220 0.931270 0.666520 0.624290 0.942030 0.646860 1.196100 0.713850 2.551650 1.648140 1.927930 1.418810 0.089010 0.060000 2.028150 0.598810 0.472270 0.745060 0.526070 0.391540 1.856080 1.822900 1.612940 1.237230 0.622210 1.489900 0.392180 0.641600 0.069720 0.513540 0.295820 0.529650 0.294100 0.566850 0.838190 1.556200 1.952440 0.437310 1.459760 0.759960 0.357080 1.111350 0.224680 0.198700 0.475450 0.434760 0.677400 0.630480 0.882160 1.243700 0.584290 5.294480 0.630040 0.648570 0.752500 0.315900 0.614740 0.554830 0.565600 1.227940 0.188080 0.330930 0.508030 0.456150 0.531930 0.515920 0.477710 0.768520 0.458760 0.309920 0.237940 0.862820 0.351360 0.654110 0.388190
0.191660 0.841590 0.603170 0.565140 0.851290 0.585480 1.077070 0.648790 2.303720 1.487120 1.739080 1.280610 0.086950 0.060000 1.826320 0.542200 0.428250 0.673900 0.476700 0.352680 1.677360 1.641530 1.453060 1.114100 0.566260 1.341630 0.356150 0.577760 0.070620 0.462440 0.272340 0.481740 0.267800 0.513430 0.757760 1.401340 1.762670 0.400800 1.318250 0.689400 0.321540 1.003750 0.205300 0.181920 0.433800 0.396580 0.613720 0.574240 0.794380 1.122930 0.526140 4.770640 0.573320 0.588600 0.690970 0.284480 0.553570 0.502590 0.509330 1.110820 0.175330 0.301290 0.457480 0.413750 0.481980 0.468210 0.430180 0.700280 0.413090 0.283590 0.214270 0.776950 0.316390 0.589020 0.349580
0.132320 0.475750 0.344820 0.323930 0.481090 0.335090 0.591570 0.383390 1.292390 0.830340 0.968740 0.716920 0.063500 0.060000 1.003130 0.311330 0.248730 0.383650 0.275350 0.193630 0.948350 0.901600 0.797770 0.611910 0.338060 0.736910 0.209130 0.317330 0.060000 0.253990 0.176620 0.272430 0.160600 0.295510 0.429730 0.769700 0.977240 0.244680 0.736070 0.385450 0.176610 0.564840 0.126280 0.113430 0.242240 0.232400 0.349230 0.321500 0.436300 0.630290 0.288980 2.633860 0.341930 0.326200 0.429530 0.156240 0.304050 0.289570 0.279720 0.616970 0.123340 0.178830 0.251260 0.240750 0.278260 0.269660 0.236260 0.401740 0.226890 0.169350 0.117670 0.426730 0.173770 0.323520 0.192000
0.098050 0.181240 0.148560 0.143350 0.182570 0.146130 0.207630 0.160710 0.387570 0.269740 0.284280 0.221430 0.060000 0.060000 0.290340 0.140210 0.124580 0.158260 0.131230 0.108320 0.321700 0.285010 0.259270 0.212710 0.149400 0.223900 0.094710 0.119190 0.060000 0.103390 0.109110 0.130510 0.102590 0.136260 0.169760 0.252090 0.306400 0.126090 0.246220 0.158700 0.084070 0.203470 0.074030 0.070820 0.102960 0.121700 0.149660 0.163510 0.168890 0.239820 0.132120 0.721420 0.170360 0.163400 0.237250 0.078990 0.115880 0.134780 0.109810 0.196490 0.095810 0.107140 0.122700 0.122600 0.131960 0.129810 0.118960 0.185100 0.116620 0.105680 0.069370 0.166500 0.083370 0.120740 0.087920
0.123100 0.525290 0.377310 0.353190 0.531330 0.365840 0.670590 0.406580 1.436940 0.927210 1.084070 0.798630 0.059480 0.040000 1.137070 0.338900 0.268040 0.420890 0.298660 0.225850 1.046970 1.022010 0.909460 0.693640 0.355200 0.835290 0.223060 0.359710 0.046450 0.287910 0.172200 0.301050 0.172020 0.320990 0.473100 0.872470 1.098150 0.250960 0.820530 0.430680 0.200710 0.626250 0.129140 0.114570 0.272440 0.252860 0.382710 0.363840 0.502580 0.700660 0.329240 2.975740 0.359580 0.369800 0.434770 0.178620 0.344750 0.314240 0.317890 0.693020 0.114030 0.193720 0.290150 0.261550 0.301410 0.293770 0.272340 0.440020 0.262010 0.182570 0.138950 0.483740 0.197810 0.366730 0.219580
0.068600 0.154660 0.120980 0.115610 0.156030 0.118480 0.182160 0.133190 0.213500 0.146170 0.154540 0.121130 0.040000 0.040000 0.153080 0.152780 0.096260 0.130980 0.114180 0.079800 0.237780 0.149610 0.140610 0.111180 0.086890 0.117760 0.154090 0.239830 0.041280 0.195950 0.096760 0.137200 0.092360 0.146440 0.123390 0.199370 0.165670 0.074500 0.133670 0.140180 0.142350 0.410500 0.096700 0.087800 0.182000 0.120250 0.167980 0.166640 0.204920 0.290660 0.230190 2.273880 0.255310 0.253780 0.314430 0.128240 0.230620 0.219820 0.213790 0.438720 0.075390 0.099670 0.130730 0.124500 0.139520 0.165630 0.233200 0.338960 0.225140 0.159070 0.101520 0.325620 0.140380 0.244120 0.153000
0.071280 0.197740 0.147410 0.137200 0.199870 0.141650 0.235940 0.168950 0.293450 0.184590 0.213060 0.161260 0.040000 0.040000 0.206280 0.194830 0.108780 0.161010 0.134980 0.086970 0.315570 0.186830 0.175960 0.131230 0.097180 0.153860 0.212360 0.340760 0.042900 0.272740 0.112480 0.170660 0.101180 0.185010 0.149260 0.262540 0.214790 0.078020 0.165190 0.175290 0.189640 0.594320 0.123390 0.109600 0.255030 0.149010 0.218390 0.204870 0.275210 0.393050 0.310320 3.422380 0.342760 0.335870 0.413270 0.167780 0.326500 0.298720 0.300400 0.654160 0.079370 0.115860 0.157660 0.151200 0.174270 0.214740 0.314990 0.469780 0.302470 0.204560 0.126370 0.458250 0.186610 0.347400 0.206170
0.063600 0.123860 0.099220 0.095300 0.124860 0.097400 0.141300 0.110840 0.169580 0.117650 0.121090 0.096650 0.040000 0.040000 0.117340 0.122490 0.081150 0.106530 0.094250 0.068640 0.190020 0.117480 0.113580 0.089370 0.076980 0.091500 0.120760 0.180770 0.040000 0.148680 0.084200 0.111080 0.078290 0.117850 0.100990 0.153870 0.131900 0.067920 0.108510 0.113260 0.109480 0.310970 0.078780 0.072270 0.138480 0.098990 0.133600 0.135300 0.157930 0.226010 0.176410 1.645280 0.202840 0.199040 0.256830 0.099160 0.174040 0.171510 0.161730 0.327380 0.068570 0.083640 0.103670 0.101800 0.112790 0.131870 0.178610 0.261330 0.172710 0.127080 0.079620 0.246200 0.108040 0.183910 0.117280
0.060450 0.114310 0.090280 0.084220 0.113310 0.084080 0.126440 0.106900 0.171500 0.107340 0.120170 0.093300 0.040000 0.040000 0.108930 0.110690 0.071610 0.093150 0.082160 0.061990 0.182980 0.101080 0.100930 0.076820 0.070720 0.084040 0.119800 0.176790 0.040000 0.141500 0.077600 0.098560 0.069410 0.106030 0.087840 0.138550 0.121960 0.063760 0.099280 0.102170 0.098390 0.317970 0.073640 0.066480 0.138240 0.093870 0.125680 0.122280 0.151170 0.215810 0.160990 1.787420 0.197080 0.183870 0.252450 0.087050 0.169390 0.164620 0.155860 0.347030 0.064260 0.074870 0.089390 0.092120 0.100200 0.121030 0.164110 0.257540 0.157290 0.118350 0.067990 0.237760 0.096820 0.180240 0.106970
0.090990 0.137750 0.117840 0.114670 0.138550 0.116360 0.149900 0.129150 0.148040 0.114180 0.101830 0.087920 0.060000 0.060000 0.095380 0.248460 0.103240 0.123750 0.144460 0.093130 0.195590 0.110990 0.111860 0.098820 0.095350 0.082810 0.077910 0.089440 0.060000 0.079570 0.153980 0.223970 0.152860 0.238430 0.157620 0.114570 0.122300 0.090190 0.108980 0.099140 0.067510 0.153320 0.065000 0.063000 0.083060 0.196990 0.272500 0.276190 0.336770 0.470780 0.105020 1.281200 0.143920 0.135820 0.208220 0.064340 0.087360 0.110440 0.083580 0.141450 0.120180 0.164410 0.219390 0.203700 0.227480 0.206470 0.152770 0.199470 0.149090 0.124360 0.061310 0.126470 0.067070 0.090390 0.069910
0.120560 0.403350 0.293670 0.276180 0.407820 0.285540 0.495490 0.330870 0.434970 0.273490 0.315620 0.239000 0.060000 0.060000 0.305210 1.013490 0.213200 0.326220 0.440360 0.163320 0.586840 0.274310 0.260740 0.186170 0.144600 0.224200 0.183790 0.272440 0.060000 0.218060 0.467720 0.903690 0.486620 0.958220 0.512900 0.300740 0.318200 0.116180 0.244820 0.190610 0.151620 0.489180 0.112670 0.101630 0.212210 0.729840 1.151660 1.081160 1.525270 2.128480 0.248100 6.593340 0.302050 0.282540 0.385750 0.134130 0.261040 0.252850 0.240160 0.533960 0.281460 0.550310 0.878400 0.766830 0.897850 0.786890 0.511240 0.628520 0.490970 0.329570 0.101170 0.366380 0.149190 0.277770 0.164830
0.093920 0.164940 0.134500 0.127620 0.163270 0.128730 0.182960 0.151790 0.187080 0.127670 0.126790 0.102660 0.060000 0.060000 0.116140 0.363300 0.112100 0.138800 0.173680 0.099300 0.245030 0.123030 0.123030 0.103840 0.099440 0.094220 0.086100 0.104520 0.060000 0.090110 0.198170 0.320130 0.186900 0.344580 0.204140 0.129110 0.140370 0.092910 0.120400 0.106910 0.074840 0.189680 0.069000 0.066460 0.094620 0.274550 0.408200 0.385510 0.523560 0.741200 0.117010 2.270730 0.155630 0.148040 0.221640 0.070830 0.103420 0.121210 0.097490 0.200800 0.136390 0.210830 0.301340 0.281490 0.324110 0.289700 0.186510 0.253740 0.180190 0.144430 0.064330 0.147890 0.074280 0.104310 0.077880
0.210260 0.920490 0.662410 0.620060 0.927900 0.641710 1.182150 0.703370 0.989910 0.633900 0.738320 0.548310 0.068020 0.060000 0.756910 2.327220 0.474240 0.735900 1.000180 0.405670 1.324310 0.682350 0.616550 0.468180 0.269810 0.558910 0.396130 0.650880 0.078370 0.524950 1.014080 2.122470 1.107350 2.199270 1.183270 0.738890 0.744750 0.200110 0.563350 0.425830 0.371110 1.121200 0.231430 0.205880 0.490240 1.670480 2.696250 2.543410 3.568660 4.927220 0.604510 15.364880 0.640500 0.650920 0.770690 0.330630 0.625640 0.566050 0.576410 1.246740 0.582790 1.254800 2.063940 1.756130 2.059490 1.847930 1.213840 1.445920 1.166860 0.743680 0.253960 0.879800 0.365490 0.663180 0.401710
0.108610 0.297810 0.222790 0.208630 0.298800 0.212920 0.356640 0.252710 0.567910 0.364200 0.416900 0.313100 0.060000 0.060000 0.417750 0.455400 0.166800 0.240750 0.246800 0.134010 0.515380 0.381300 0.347670 0.268420 0.178340 0.310500 0.138040 0.193840 0.060000 0.157070 0.236350 0.401780 0.227490 0.431480 0.322810 0.347920 0.424010 0.141960 0.326770 0.202700 0.115310 0.352600 0.091970 0.085030 0.158000 0.334150 0.512700 0.477850 0.659740 0.937680 0.185950 3.099130 0.232430 0.218760 0.308200 0.104320 0.188260 0.190080 0.173960 0.384050 0.155780 0.255050 0.379930 0.348700 0.405380 0.362830 0.251640 0.358100 0.241520 0.180090 0.083500 0.264760 0.113780 0.195670 0.123610
0.191500 0.840540 0.602430 0.564470 0.850230 0.584750 1.075690 0.648030 2.171250 1.401090 1.638170 1.206770 0.086700 0.060000 1.718500 0.575670 0.427740 0.673060 0.485470 0.353120 1.632460 1.544590 1.372290 1.048320 0.536380 1.262420 0.421570 0.693660 0.067270 0.555220 0.286220 0.507280 0.283340 0.545000 0.740420 1.375370 1.657920 0.378580 1.240280 0.692340 0.386060 1.199100 0.240480 0.212390 0.511200 0.418290 0.649650 0.603770 0.846270 1.194320 0.631700 6.051800 0.676290 0.694760 0.801220 0.341540 0.664630 0.597410 0.611500 1.321820 0.182860 0.318680 0.487350 0.438810 0.511520 0.519780 0.549830 0.857120 0.528030 0.352190 0.257240 0.932840 0.379860 0.707200 0.419690
0.166440 0.676030 0.487250 0.455970 0.683740 0.472160 0.857340 0.528680 1.846000 1.189870 1.390430 1.025490 0.078900 0.060000 1.453750 0.437710 0.347660 0.542540 0.386650 0.288220 1.347410 1.306640 1.161580 0.886820 0.462980 1.067930 0.289610 0.459900 0.063150 0.368100 0.229020 0.384330 0.224170 0.414800 0.609290 1.115460 1.404290 0.327640 1.053270 0.549330 0.257010 0.805110 0.169540 0.151260 0.346410 0.326300 0.494020 0.462240 0.640990 0.900740 0.421270 3.808100 0.468600 0.471090 0.569710 0.228430 0.441310 0.406180 0.406730 0.884790 0.154470 0.250990 0.370310 0.338500 0.389770 0.379880 0.347240 0.565200 0.334510 0.236530 0.176920 0.619010 0.253190 0.468860 0.280660
0.094170 0.182510 0.145660 0.137290 0.183970 0.140600 0.206080 0.166310 0.465170 0.295170 0.338620 0.255820 0.060000 0.060000 0.331780 0.133530 0.116800 0.155020 0.125080 0.099840 0.352050 0.301480 0.279460 0.212550 0.152580 0.247730 0.093200 0.114240 0.060000 0.095420 0.104630 0.122010 0.095600 0.128890 0.168700 0.261650 0.342400 0.124840 0.266130 0.156000 0.074640 0.210210 0.068870 0.066350 0.103020 0.119610 0.147280 0.155570 0.171450 0.241840 0.120520 0.900580 0.163720 0.148120 0.231920 0.070630 0.112150 0.127080 0.105500 0.222970 0.092420 0.102120 0.112540 0.116530 0.123720 0.124680 0.107610 0.181250 0.105830 0.100550 0.064240 0.158480 0.074070 0.116070 0.080380
0.108390 0.299000 0.223750 0.209250 0.301090 0.213340 0.358840 0.254340 0.800640 0.510970 0.594150 0.442810 0.060000 0.060000 0.602850 0.199690 0.166120 0.242520 0.182030 0.133830 0.593860 0.541830 0.488160 0.368730 0.227100 0.442860 0.137640 0.192360 0.060000 0.154840 0.131910 0.178750 0.119330 0.192640 0.272270 0.464140 0.599270 0.170970 0.454310 0.246980 0.113750 0.351420 0.091120 0.084290 0.157550 0.160820 0.226610 0.217350 0.275410 0.395160 0.183400 1.601560 0.231010 0.216160 0.306650 0.102940 0.187070 0.187790 0.172850 0.382760 0.103630 0.130200 0.163380 0.162440 0.182090 0.179510 0.155760 0.264910 0.150440 0.125790 0.082720 0.262520 0.112240 0.194420 0.121930
0.103990 0.276460 0.207620 0.193770 0.279400 0.198680 0.329190 0.238800 0.691960 0.440390 0.511350 0.382230 0.060000 0.060000 0.514370 0.198560 0.154260 0.225530 0.169250 0.123940 0.534830 0.465500 0.420660 0.322190 0.202590 0.381780 0.154170 0.219950 0.060000 0.176050 0.129870 0.175250 0.111390 0.189090 0.244740 0.416320 0.515710 0.156800 0.394020 0.229330 0.122420 0.400730 0.096740 0.087830 0.177110 0.160100 0.221650 0.213380 0.272090 0.389660 0.200300 1.962920 0.255420 0.233900 0.334550 0.108300 0.210760 0.209910 0.193910 0.436890 0.099770 0.126970 0.156210 0.158520 0.178730 0.183100 0.178870 0.306900 0.171580 0.137490 0.083870 0.295810 0.120440 0.224240 0.133080
0.076560 0.218580 0.164110 0.152640 0.220830 0.155830 0.265960 0.183980 0.322990 0.203780 0.235560 0.177730 0.040000 0.040000 0.230340 0.215200 0.121090 0.177450 0.149020 0.101110 0.347700 0.210620 0.194140 0.149610 0.103850 0.173480 0.234780 0.380480 0.046100 0.304530 0.120920 0.188220 0.114760 0.204240 0.164340 0.293560 0.237510 0.084980 0.184560 0.193390 0.211750 0.661260 0.135450 0.120040 0.285850 0.164890 0.242450 0.227940 0.310870 0.436840 0.346490 3.819040 0.378040 0.372710 0.454740 0.187350 0.364560 0.331220 0.335420 0.731060 0.086260 0.128330 0.179830 0.168950 0.192260 0.237440 0.351700 0.524060 0.337730 0.226810 0.141650 0.511670 0.208350 0.387900 0.230210
0.128780 0.421280 0.309970 0.290100 0.423420 0.298020 0.520320 0.342050 0.614370 0.392360 0.452260 0.338990 0.060000 0.060000 0.453540 0.412390 0.227820 0.338440 0.284440 0.188260 0.662760 0.411210 0.373670 0.286970 0.186590 0.337120 0.450740 0.745330 0.075940 0.596570 0.218530 0.365230 0.215480 0.391820 0.314000 0.576980 0.457420 0.147430 0.351860 0.371690 0.414820 1.286170 0.256160 0.225970 0.555820 0.309060 0.467050 0.439730 0.604050 0.848600 0.678750 7.474220 0.722200 0.720920 0.859320 0.366980 0.714130 0.639660 0.657050 1.426890 0.150260 0.238580 0.350500 0.320960 0.368100 0.455960 0.690120 1.015110 0.662470 0.436660 0.279220 1.002320 0.408170 0.759860 0.450960
0.060000 0.071950 0.066320 0.062960 0.071030 0.060980 0.074160 0.072250 0.093740 0.069520 0.063320 0.054380 0.040000 0.040000 0.056670 0.070160 0.060000 0.064330 0.061580 0.060000 0.107550 0.066340 0.066910 0.062100 0.060000 0.051090 0.063200 0.078800 0.040000 0.067060 0.062510 0.066000 0.060000 0.068470 0.062310 0.076860 0.073610 0.060000 0.068380 0.067540 0.052730 0.139110 0.047840 0.045460 0.069330 0.067920 0.076240 0.087290 0.086300 0.115820 0.083550 0.646070 0.112250 0.104510 0.157360 0.048950 0.076340 0.088100 0.071840 0.138780 0.060000 0.061600 0.064120 0.066160 0.066620 0.073600 0.084350 0.131940 0.082200 0.073670 0.043460 0.109070 0.052190 0.079950 0.055580
0.060000 0.092320 0.077840 0.074500 0.092950 0.075810 0.099450 0.087960 0.124620 0.088450 0.086830 0.071590 0.040000 0.040000 0.080730 0.091470 0.066200 0.081510 0.073850 0.060000 0.141130 0.084950 0.085910 0.070640 0.066830 0.065980 0.086630 0.120320 0.040000 0.100290 0.071340 0.084350 0.063900 0.088570 0.078050 0.107290 0.097350 0.061180 0.082740 0.085720 0.075830 0.209080 0.060440 0.056380 0.097090 0.080570 0.098400 0.106560 0.111930 0.159830 0.121350 1.043140 0.149130 0.143000 0.197850 0.069390 0.116120 0.122060 0.108440 0.215560 0.061590 0.069790 0.076440 0.078560 0.085420 0.097320 0.122720 0.182740 0.119050 0.094330 0.057200 0.164910 0.074940 0.122270 0.080700
0.082380 0.281260 0.204510 0.192280 0.284390 0.198820 0.346740 0.229540 0.412540 0.261940 0.303770 0.227640 0.040000 0.040000 0.303230 0.276980 0.148200 0.227280 0.189030 0.113470 0.445060 0.272520 0.249250 0.184970 0.124050 0.222750 0.302750 0.500870 0.045690 0.400900 0.146540 0.241460 0.139320 0.262540 0.210010 0.385920 0.306340 0.095820 0.233430 0.248260 0.278770 0.864180 0.171990 0.151700 0.369120 0.202850 0.311610 0.285790 0.398550 0.568330 0.456140 5.021010 0.485000 0.484300 0.570260 0.246610 0.479910 0.429710 0.441550 0.954060 0.097860 0.155950 0.229520 0.212520 0.246770 0.306250 0.463000 0.678380 0.444620 0.291290 0.185750 0.673580 0.274290 0.510650 0.303050
0.123010 0.376770 0.280770 0.265470 0.380660 0.273640 0.463650 0.307060 0.400060 0.263110 0.289980 0.222920 0.060000 0.060000 0.287120 0.921910 0.210340 0.309250 0.409140 0.173110 0.543860 0.270080 0.251940 0.192940 0.144040 0.216220 0.174610 0.258440 0.060000 0.210850 0.429750 0.827750 0.449630 0.871790 0.475160 0.293200 0.302240 0.119170 0.238010 0.190570 0.152700 0.451890 0.112350 0.102690 0.201000 0.671020 1.055240 0.994420 1.392440 1.934280 0.247140 5.991000 0.291850 0.281040 0.372590 0.137410 0.248460 0.245040 0.230210 0.487030 0.263820 0.507380 0.803380 0.701580 0.817040 0.728000 0.477460 0.587250 0.459700 0.312190 0.108600 0.350670 0.150570 0.263100 0.164270
0.199280 0.888510 0.636320 0.596090 0.898780 0.617600 1.139360 0.682840 0.922220 0.589930 0.686780 0.510590 0.066930 0.060000 0.701810 2.291430 0.451290 0.711140 0.973580 0.379350 1.271420 0.632260 0.573440 0.435790 0.254540 0.518560 0.383660 0.626490 0.076660 0.501450 0.997530 2.078050 1.079990 2.164370 1.149920 0.691580 0.692710 0.189300 0.523990 0.399540 0.348690 1.085880 0.220100 0.194720 0.474420 1.639240 2.651860 2.486030 3.507210 4.855260 0.570520 15.125750 0.616610 0.615880 0.744280 0.308470 0.600250 0.542460 0.552280 1.207440 0.569230 1.226440 2.019830 1.724300 2.025540 1.811850 1.175620 1.407430 1.128960 0.718880 0.237170 0.842500 0.343090 0.638700 0.379130
0.184750 0.667200 0.485430 0.453570 0.674690 0.469260 0.833150 0.535020 0.709920 0.450260 0.519810 0.391100 0.080000 0.080000 0.513870 1.692110 0.349960 0.537610 0.729330 0.286660 0.965020 0.465380 0.429340 0.326480 0.222340 0.382820 0.298370 0.457690 0.083670 0.366320 0.764910 1.521600 0.807080 1.599290 0.851210 0.506870 0.524190 0.177890 0.404260 0.311270 0.257190 0.811400 0.179320 0.162060 0.354260 1.215650 1.941660 1.818820 2.562270 3.565170 0.421760 11.072650 0.486630 0.465360 0.608000 0.229860 0.440530 0.414380 0.406030 0.891270 0.452020 0.914070 1.475600 1.277790 1.497880 1.327990 0.858840 1.049640 0.824770 0.544370 0.180200 0.617400 0.253380 0.466600 0.280390
0.283970 1.410500 1.004970 0.940310 1.427010 0.974880 1.832110 1.061530 1.446470 0.930400 1.086090 0.802790 0.074270 0.060000 1.128530 3.666380 0.707440 1.125270 1.547300 0.600770 2.007970 1.014330 0.905970 0.688420 0.372830 0.829020 0.598680 1.007430 0.088220 0.806340 1.567540 3.341370 1.718420 3.462050 1.833500 1.112060 1.097540 0.267770 0.824350 0.628550 0.560680 1.730280 0.335690 0.294890 0.747640 2.617670 4.254900 3.997570 5.639640 7.789010 0.917430 24.297250 0.957580 0.975570 1.130240 0.496040 0.965250 0.854050 0.888100 1.925010 0.878840 1.953890 3.247910 2.754440 3.238850 2.903490 1.890420 2.243100 1.815400 1.137710 0.373650 1.354760 0.551690 1.027070 0.609540
0.353350 1.724910 1.229960 1.151030 1.745050 1.193210 2.236090 1.302360 1.772180 1.138940 1.328950 0.983180 0.092070 0.080000 1.377380 4.478190 0.866820 1.376780 1.891850 0.731960 2.457480 1.237990 1.102150 0.840220 0.461810 1.011820 0.734080 1.229560 0.107620 0.984130 1.919950 4.078150 2.100710 4.228820 2.234680 1.357250 1.341430 0.333570 1.009510 0.768190 0.684310 2.113520 0.413090 0.363290 0.907720 3.198240 5.191750 4.879030 6.883150 9.509870 1.119720 29.658170 1.173800 1.189530 1.383470 0.605420 1.178070 1.045750 1.083920 2.345390 1.079400 2.388110 3.964040 3.365180 3.956400 3.541800 2.307240 2.741080 2.215700 1.391980 0.455970 1.653480 0.673330 1.253520 0.743950
0.127230 0.444450 0.322690 0.303280 0.449420 0.313660 0.550040 0.360690 0.650970 0.413770 0.480150 0.359390 0.060000 0.060000 0.481030 0.437670 0.233380 0.358820 0.298140 0.183710 0.702580 0.432330 0.393660 0.293420 0.193330 0.353360 0.478530 0.794570 0.074050 0.635970 0.229000 0.382290 0.219270 0.414750 0.331430 0.612190 0.484220 0.148550 0.368580 0.392090 0.442220 1.369150 0.271100 0.238920 0.586650 0.322190 0.492580 0.455430 0.632260 0.899870 0.723610 7.963280 0.765940 0.766550 0.903800 0.391230 0.761290 0.679940 0.700450 1.516250 0.151790 0.245980 0.364090 0.335420 0.389740 0.484080 0.734460 1.074430 0.705320 0.460370 0.294670 1.068530 0.435120 0.810060 0.480740
1.818780 10.870310 7.685950 7.178130 10.999860 7.449580 14.386440 7.924300 11.794330 7.650630 8.968250 6.570570 0.314140 0.060000 9.551500 11.536110 5.349660 8.630570 7.292420 4.709440 15.636190 8.585030 7.601290 5.826780 2.707720 7.016640 5.166800 9.099740 0.496910 7.283510 4.830110 10.576590 5.372480 10.889600 7.486760 9.629090 9.163650 1.906580 6.827820 5.373050 5.064640 15.494300 2.791210 2.422710 6.706210 8.217830 13.465980 12.652090 17.844740 24.580760 8.287090 72.194210 8.274440 8.690590 9.524150 4.480740 8.718780 7.473480 8.022000 17.332530 2.650980 6.117530 10.276940 8.650600 10.183360 12.547330 18.313420 21.167400 17.586770 10.761070 3.374850 12.237310 4.983380 9.277170 5.505910
0.147110 0.385280 0.293590 0.276180 0.389030 0.282540 0.464080 0.325890 0.555040 0.361090 0.403160 0.308410 0.080000 0.080000 0.397370 0.379810 0.223260 0.317960 0.271000 0.186150 0.604110 0.372790 0.345300 0.269300 0.194610 0.301490 0.401880 0.643340 0.088560 0.518930 0.222590 0.335610 0.212630 0.361840 0.296470 0.510700 0.416360 0.162050 0.328050 0.344060 0.366940 1.117930 0.239140 0.213900 0.485100 0.293560 0.423850 0.406540 0.534140 0.752960 0.597650 6.424980 0.653820 0.647820 0.792150 0.326930 0.618050 0.569880 0.569530 1.232060 0.164330 0.234250 0.321120 0.302310 0.342200 0.416230 0.606200 0.895070 0.583350 0.398380 0.251730 0.869280 0.361350 0.655500 0.397150
0.175730 0.630140 0.456780 0.429130 0.637200 0.443900 0.783190 0.508130 1.023030 0.652400 0.758300 0.565630 0.081550 0.080000 0.767560 0.593730 0.329580 0.508200 0.414470 0.263300 1.028510 0.689890 0.625880 0.468200 0.292770 0.563870 0.627070 1.039960 0.103650 0.832370 0.309560 0.526410 0.297080 0.562620 0.482050 0.890610 0.764810 0.221310 0.580290 0.549790 0.578800 1.793650 0.355560 0.313440 0.773190 0.439950 0.670140 0.629080 0.862140 1.221550 0.947080 10.329430 1.005010 1.004380 1.196320 0.512050 0.996430 0.890660 0.916790 1.990200 0.204680 0.336020 0.495700 0.454870 0.528630 0.645440 0.954020 1.404050 0.915970 0.601550 0.388020 1.398540 0.569510 1.060240 0.629230
0.617910 3.056120 2.185570 2.044470 3.089830 2.116100 3.981120 2.287750 4.370900 2.835840 3.300360 2.433820 0.192600 0.120000 3.473630 3.005520 1.545470 2.439740 2.006550 1.339650 4.751220 3.137400 2.792960 2.146820 1.087680 2.561140 3.288720 5.721880 0.369730 4.583850 1.342830 2.733060 1.445280 2.841270 2.258730 4.425350 3.370730 0.791970 2.532030 2.719590 3.193490 9.757850 1.800170 1.569270 4.228350 2.168490 3.476610 3.275090 4.577400 6.334270 5.222670 57.080570 5.274860 5.439550 6.113000 2.827610 5.483190 4.744070 5.046580 10.892570 0.792420 1.633710 2.651020 2.275830 2.661570 3.408720 5.301150 7.589950 5.091670 3.170840 2.136860 7.697900 3.142570 5.833080 3.470000
0.066710 0.155500 0.119460 0.111190 0.156030 0.112000 0.181680 0.137520 0.231680 0.145380 0.166000 0.126840 0.040000 0.040000 0.156870 0.152220 0.090540 0.126640 0.108490 0.075170 0.248420 0.144430 0.137940 0.105310 0.083240 0.119420 0.165480 0.257710 0.040130 0.206270 0.094810 0.133940 0.087030 0.144780 0.117760 0.199900 0.167320 0.072000 0.132960 0.137950 0.143420 0.454340 0.098190 0.087760 0.195810 0.120440 0.171840 0.162730 0.214310 0.303370 0.234680 2.594260 0.268960 0.258880 0.331380 0.126880 0.246920 0.230800 0.227190 0.497570 0.072810 0.095480 0.124940 0.122450 0.136670 0.167280 0.238210 0.363270 0.228770 0.161200 0.097010 0.346570 0.141120 0.262730 0.155920
0.079280 0.262160 0.191020 0.179670 0.265050 0.185740 0.321360 0.215680 0.385300 0.244230 0.283020 0.212460 0.040000 0.040000 0.281050 0.258180 0.138830 0.212120 0.176660 0.109170 0.415440 0.252620 0.232470 0.171620 0.117910 0.206460 0.282070 0.464250 0.047440 0.371580 0.138740 0.225270 0.130590 0.244810 0.196110 0.357680 0.285400 0.091740 0.217820 0.231560 0.258380 0.802430 0.160860 0.142070 0.343650 0.191990 0.290280 0.269410 0.369390 0.528240 0.422790 4.655290 0.452470 0.450360 0.537570 0.228580 0.444810 0.399740 0.409260 0.887440 0.093630 0.146780 0.212720 0.198440 0.230180 0.285310 0.429120 0.630240 0.412110 0.271460 0.172170 0.624310 0.254230 0.473290 0.280890
0.104190 0.240440 0.187300 0.175800 0.242730 0.180330 0.283920 0.208160 0.341560 0.226340 0.246850 0.191360 0.060000 0.060000 0.241030 0.237320 0.145970 0.201080 0.173210 0.124780 0.375270 0.231060 0.217110 0.171890 0.131270 0.185550 0.246100 0.385110 0.064670 0.312230 0.147660 0.211430 0.138110 0.226790 0.188500 0.311280 0.258720 0.111860 0.206580 0.216380 0.223200 0.665350 0.150780 0.135990 0.293670 0.188510 0.262550 0.258470 0.326390 0.459700 0.362500 3.695460 0.404380 0.398460 0.498530 0.199780 0.369840 0.348650 0.341870 0.721090 0.113030 0.153220 0.200040 0.191670 0.215300 0.258650 0.367470 0.542710 0.354100 0.247750 0.155400 0.520990 0.219940 0.392230 0.240910
0.094000 0.315760 0.232350 0.218830 0.316350 0.225620 0.393390 0.251500 0.455690 0.294070 0.336640 0.251700 0.040000 0.040000 0.342430 0.307260 0.173080 0.255170 0.215460 0.147810 0.492410 0.313080 0.280870 0.222010 0.137250 0.255210 0.335500 0.558890 0.056670 0.447340 0.160590 0.275320 0.163850 0.293630 0.237240 0.435350 0.342840 0.107950 0.263730 0.278560 0.311580 0.961950 0.189580 0.166950 0.419230 0.231690 0.350090 0.334200 0.457770 0.636190 0.510640 5.604480 0.536550 0.538090 0.638360 0.276700 0.535600 0.477170 0.493480 1.072410 0.110070 0.181130 0.268260 0.240570 0.275850 0.339600 0.519820 0.761100 0.499090 0.327310 0.212820 0.751600 0.306880 0.569790 0.340100
0.103590 0.412000 0.296840 0.278480 0.416690 0.288300 0.520240 0.324390 0.598950 0.382980 0.445760 0.331550 0.040630 0.040000 0.454970 0.405580 0.212360 0.331010 0.273610 0.173120 0.647750 0.408930 0.368310 0.277530 0.166110 0.334220 0.444230 0.751510 0.060980 0.601510 0.199850 0.359960 0.199020 0.383920 0.305100 0.579030 0.449610 0.123750 0.340230 0.362470 0.418260 1.286620 0.248040 0.217600 0.553830 0.295460 0.458390 0.429110 0.597990 0.842720 0.684390 7.523350 0.707840 0.716630 0.831610 0.370050 0.720040 0.634730 0.662500 1.433300 0.126820 0.223980 0.344370 0.308880 0.360240 0.449780 0.694690 1.007830 0.667110 0.427060 0.278710 1.010620 0.411550 0.766170 0.454690
0.090000 0.127380 0.110520 0.107830 0.128060 0.109270 0.136140 0.121630 0.137630 0.107410 0.093890 0.082120 0.060000 0.060000 0.086900 0.221150 0.098150 0.115510 0.133060 0.090600 0.180960 0.104710 0.105460 0.095940 0.093000 0.077790 0.073630 0.081870 0.060000 0.073510 0.142660 0.200250 0.140170 0.212640 0.144200 0.106200 0.114280 0.090000 0.104210 0.094680 0.063290 0.140560 0.062700 0.061010 0.078000 0.177550 0.241500 0.246320 0.294410 0.412500 0.099170 1.091540 0.137200 0.128810 0.200830 0.061480 0.080110 0.104240 0.077010 0.127450 0.114030 0.149960 0.194990 0.183240 0.203370 0.185590 0.138570 0.184250 0.135440 0.116030 0.060000 0.116300 0.063060 0.082680 0.066670
0.106270 0.264970 0.202570 0.191730 0.267530 0.197120 0.315270 0.225960 0.285900 0.190200 0.204450 0.160340 0.060000 0.060000 0.195730 0.621450 0.155880 0.220540 0.286270 0.130340 0.383650 0.191070 0.182850 0.145480 0.118710 0.152930 0.128550 0.176870 0.060000 0.145550 0.305190 0.555200 0.312910 0.589390 0.328160 0.203150 0.215930 0.104370 0.175550 0.142480 0.107880 0.314390 0.087590 0.081250 0.144910 0.457910 0.709410 0.667190 0.928530 1.294870 0.174560 3.990360 0.219370 0.205400 0.293010 0.098780 0.170470 0.178310 0.159130 0.333080 0.197500 0.349580 0.537540 0.477740 0.552850 0.492930 0.324360 0.408310 0.312670 0.222480 0.083820 0.240990 0.106770 0.179920 0.116890
0.115390 0.351620 0.259860 0.242160 0.355480 0.250130 0.427900 0.293330 0.383020 0.241240 0.276050 0.210040 0.060000 0.060000 0.264330 0.877210 0.190240 0.285160 0.383480 0.155630 0.513840 0.242610 0.228760 0.177070 0.133390 0.200860 0.162490 0.234680 0.060000 0.187850 0.411220 0.782600 0.423360 0.829610 0.446220 0.260950 0.278610 0.112510 0.218870 0.170350 0.133630 0.425570 0.101950 0.093680 0.187720 0.632870 1.001310 0.934180 1.313950 1.837740 0.219190 5.692570 0.268510 0.249260 0.348930 0.120520 0.227110 0.221970 0.209680 0.464140 0.250780 0.478230 0.756700 0.664750 0.777620 0.686820 0.440410 0.551370 0.422930 0.289440 0.099110 0.317760 0.131810 0.239270 0.146060
0.141070 0.466840 0.347350 0.325300 0.471830 0.335310 0.584570 0.372410 0.488640 0.323620 0.358880 0.273340 0.060000 0.060000 0.362470 1.148020 0.257240 0.380710 0.508140 0.223520 0.668180 0.341020 0.309700 0.248930 0.165300 0.275620 0.211710 0.324190 0.064090 0.263480 0.525210 1.042840 0.559820 1.086320 0.590020 0.367930 0.372440 0.136650 0.293650 0.231950 0.192880 0.562670 0.133350 0.122230 0.252170 0.831340 1.320710 1.250150 1.732910 2.402860 0.312930 7.383220 0.350260 0.344630 0.438610 0.175250 0.313960 0.298810 0.291180 0.607780 0.317250 0.630930 1.010690 0.872650 1.018920 0.912690 0.600800 0.732790 0.578150 0.386150 0.141860 0.441480 0.190430 0.330110 0.207940
0.115070 0.327800 0.246190 0.233170 0.331120 0.240130 0.398670 0.271540 0.349010 0.231180 0.252520 0.195510 0.060000 0.060000 0.247080 0.781770 0.186310 0.270400 0.355320 0.150660 0.472000 0.234100 0.221680 0.168520 0.132950 0.186820 0.154430 0.222720 0.060000 0.182260 0.373370 0.702390 0.389750 0.740650 0.409300 0.253760 0.264430 0.111800 0.209840 0.169520 0.132830 0.391680 0.101510 0.093300 0.175580 0.570730 0.886010 0.844450 1.164890 1.621400 0.214600 4.933510 0.260110 0.247910 0.337740 0.119800 0.214230 0.215820 0.198710 0.414980 0.234770 0.437150 0.683590 0.598260 0.695730 0.614360 0.410410 0.505350 0.395320 0.272900 0.095170 0.302610 0.131010 0.226660 0.142650
0.108540 0.292530 0.218890 0.206690 0.292660 0.212630 0.349150 0.247510 0.323590 0.206110 0.230770 0.176920 0.060000 0.060000 0.219460 0.688580 0.166590 0.238520 0.311160 0.136580 0.427790 0.205320 0.196860 0.152690 0.123850 0.166410 0.142440 0.199490 0.060000 0.160150 0.333030 0.613280 0.340620 0.651580 0.360470 0.221400 0.236850 0.105750 0.187210 0.152230 0.116500 0.365700 0.092620 0.085590 0.163210 0.504810 0.784000 0.737630 1.030040 1.435990 0.189060 4.629660 0.237210 0.220730 0.314270 0.105370 0.194300 0.193190 0.179490 0.398430 0.210950 0.383700 0.594340 0.526440 0.611150 0.566700 0.447040 0.535840 0.429300 0.291950 0.086900 0.271690 0.114950 0.203050 0.125170
0.135870 0.473840 0.346880 0.323720 0.479140 0.333770 0.590970 0.382000 0.591110 0.375720 0.434550 0.326030 0.060000 0.060000 0.433060 0.725240 0.250950 0.382150 0.388000 0.207070 0.714490 0.392690 0.358510 0.273750 0.179830 0.322340 0.339880 0.548950 0.069390 0.439380 0.348230 0.646470 0.352800 0.686190 0.433200 0.488940 0.438200 0.142810 0.337380 0.306570 0.305520 0.955190 0.196570 0.174340 0.412900 0.527780 0.825720 0.772780 1.078590 1.513480 0.499910 8.847270 0.547710 0.538850 0.661840 0.270280 0.525980 0.479030 0.483930 1.056210 0.216550 0.399270 0.620970 0.550880 0.643510 1.174770 2.590630 2.682120 2.487860 1.548030 0.206950 0.738210 0.300620 0.559640 0.332470
0.270210 1.170770 0.844480 0.792430 1.184050 0.820240 1.504120 0.895840 1.496700 0.973540 1.121510 0.834070 0.090240 0.080000 1.165010 1.602750 0.605080 0.941270 0.901960 0.512520 1.763580 1.059130 0.946460 0.728480 0.407400 0.861140 0.955430 1.623950 0.135430 1.303830 0.729580 1.447920 0.776300 1.516070 1.008650 1.378460 1.141210 0.300790 0.865950 0.837520 0.912700 2.767720 0.536710 0.471740 1.202940 1.157810 1.838750 1.735970 2.422640 3.361820 1.490690 21.875130 1.529790 1.563880 1.798460 0.809790 1.556810 1.372010 1.434000 3.077760 0.437390 0.876210 1.407920 1.215860 1.421370 2.438300 5.138090 5.538070 4.935400 3.053160 0.614860 2.186980 0.898380 1.655240 0.990470
0.135530 0.480420 0.350020 0.327010 0.485800 0.338260 0.597850 0.386780 0.598980 0.380020 0.440550 0.330410 0.060000 0.060000 0.438700 0.735550 0.252610 0.387360 0.393320 0.205480 0.724180 0.397120 0.361850 0.275380 0.181600 0.325840 0.344480 0.557090 0.066900 0.445890 0.352500 0.654170 0.357580 0.695910 0.439200 0.494910 0.444270 0.142430 0.340300 0.310240 0.310040 0.968920 0.199040 0.176480 0.416630 0.533510 0.835240 0.781470 1.094240 1.535500 0.507320 8.976390 0.554950 0.546410 0.667680 0.274310 0.533770 0.485690 0.491100 1.068580 0.218880 0.403280 0.630180 0.558600 0.652600 1.189610 2.629070 2.721440 2.524740 1.570540 0.208440 0.749170 0.305070 0.567950 0.337070
0.104650 0.271660 0.204290 0.191510 0.271690 0.196180 0.321570 0.233270 0.372840 0.237000 0.268290 0.204370 0.060000 0.060000 0.258460 0.335440 0.154800 0.219730 0.204300 0.123880 0.421150 0.237330 0.224900 0.170310 0.133760 0.193550 0.242020 0.375580 0.061590 0.300630 0.186610 0.293230 0.173440 0.318270 0.228600 0.311170 0.273480 0.112340 0.214610 0.212510 0.211650 0.663030 0.144490 0.130540 0.286590 0.252700 0.376580 0.350760 0.479950 0.681720 0.347120 4.694130 0.393690 0.379390 0.486360 0.189540 0.361930 0.337230 0.333720 0.727180 0.129860 0.195870 0.275980 0.260380 0.299510 0.469550 0.915010 1.049930 0.878690 0.566170 0.147700 0.507040 0.208570 0.382910 0.230780
0.099170 0.343090 0.254060 0.239860 0.346710 0.247440 0.432240 0.269880 0.482160 0.320660 0.359190 0.270880 0.040230 0.040000 0.371770 0.338120 0.188720 0.280460 0.236090 0.161660 0.529900 0.346170 0.309750 0.244590 0.147510 0.278410 0.358000 0.601040 0.059810 0.485070 0.173590 0.303940 0.178420 0.321370 0.260430 0.477690 0.372160 0.114760 0.287600 0.304790 0.343390 1.022860 0.206310 0.182780 0.448200 0.252140 0.378730 0.367730 0.492350 0.686110 0.559140 5.949590 0.576230 0.588630 0.683880 0.306100 0.576720 0.515290 0.532220 1.138980 0.117130 0.197720 0.296270 0.263350 0.303070 0.372060 0.567100 0.813770 0.545790 0.354720 0.235490 0.811390 0.338200 0.612370 0.371560
0.136190 0.479020 0.349960 0.326370 0.484380 0.337310 0.597150 0.385760 0.700260 0.445780 0.517680 0.386870 0.060000 0.060000 0.521140 0.471660 0.252920 0.386240 0.320490 0.207220 0.756160 0.470840 0.425070 0.325040 0.204460 0.386060 0.515930 0.860830 0.080120 0.689000 0.243100 0.414240 0.236310 0.446850 0.356560 0.663240 0.522100 0.157170 0.397880 0.422290 0.479110 1.480820 0.291200 0.256340 0.639040 0.349530 0.531150 0.497660 0.690940 0.972390 0.783940 8.624840 0.824800 0.827980 0.973560 0.423850 0.824790 0.734140 0.758870 1.645320 0.160360 0.267820 0.397330 0.362280 0.419720 0.521950 0.795730 1.164360 0.764130 0.496260 0.319240 1.157620 0.471400 0.877600 0.520830
0.109310 0.447210 0.321700 0.301690 0.452300 0.312390 0.566940 0.349920 0.649140 0.415580 0.484000 0.359530 0.041980 0.040000 0.495820 0.440200 0.229640 0.358930 0.296380 0.188860 0.702330 0.445630 0.401020 0.302460 0.177440 0.364230 0.482320 0.818990 0.064900 0.655520 0.214200 0.392040 0.215090 0.416600 0.330690 0.631020 0.488200 0.131280 0.368980 0.393230 0.455820 1.401610 0.268510 0.235340 0.604110 0.320640 0.499040 0.468070 0.651690 0.916610 0.745830 8.197070 0.769090 0.779910 0.902320 0.403260 0.784700 0.689930 0.721990 1.562330 0.134610 0.242310 0.375310 0.334820 0.390800 0.489660 0.757050 1.096540 0.727020 0.463610 0.303730 1.101360 0.448510 0.834950 0.495530
0.102190 0.403380 0.290760 0.272800 0.407970 0.282410 0.508810 0.318140 0.586680 0.375020 0.436420 0.324700 0.040000 0.040000 0.444980 0.397110 0.208130 0.324170 0.268040 0.167560 0.634400 0.399930 0.359470 0.271440 0.163340 0.326870 0.434910 0.735010 0.058200 0.588300 0.196340 0.351080 0.195090 0.375930 0.298830 0.566310 0.440190 0.121920 0.333200 0.354960 0.409070 1.258760 0.243020 0.213260 0.541660 0.288350 0.447910 0.418370 0.584870 0.824660 0.669350 7.358570 0.693010 0.701350 0.812040 0.361900 0.704240 0.621230 0.647960 1.400000 0.124910 0.219510 0.336810 0.302530 0.352770 0.440050 0.679420 0.986140 0.652440 0.418120 0.272580 0.988420 0.402520 0.749340 0.444720
0.082550 0.282280 0.205230 0.192950 0.285420 0.199520 0.348090 0.230280 0.414000 0.262880 0.304870 0.228460 0.040000 0.040000 0.304410 0.277980 0.148710 0.228090 0.189690 0.114880 0.446640 0.273600 0.250140 0.185690 0.124380 0.223620 0.303850 0.502830 0.046220 0.402460 0.146950 0.242320 0.139770 0.263490 0.210750 0.387410 0.307450 0.096040 0.234260 0.249140 0.279850 0.867470 0.172580 0.152210 0.370560 0.203580 0.312740 0.287360 0.400120 0.570480 0.457910 5.040510 0.486740 0.486120 0.574180 0.247590 0.481780 0.431300 0.443280 0.957770 0.098090 0.156490 0.230420 0.213290 0.247650 0.307360 0.464790 0.680960 0.446350 0.292360 0.186480 0.676210 0.275360 0.512650 0.304240
3
0.000000
0.000000
0.000000
